7.980024069547653198e-02
8.486042785644531250e+01
6.756166934967041016e+00
2.851864624023437500e+01
3.516903817653656006e-01
-5.274327397346496582e-01
-5.876054763793945312e+00
-5.027701377868652344e+00
-2.573364973068237305e+00
-2.798142194747924805e+00
-3.128419160842895508e+00
-2.192289590835571289e+00
-1.331470966339111328e+00
-1.132226109504699707e+00
-3.604497194290161133e+00
-2.052863359451293945e+00
-3.004562854766845703e+00
-2.886334419250488281e+00
-3.340452909469604492e+00
-2.665404081344604492e+00
-2.688792467117309570e+00
-2.045106887817382812e+00
-1.871058821678161621e+00
-9.640828967094421387e-01
-9.325895905494689941e-01
-6.065928339958190918e-01
-4.876783490180969238e-01
-2.869996726512908936e-01
1.512503921985626221e-01
2.796939611434936523e-01
-8.322203159332275391e-02
1.858660727739334106e-01
3.519023060798645020e-01
2.321202158927917480e-01
-6.403116881847381592e-02
-4.947602748870849609e-02
-2.362221293151378632e-02
1.166745871305465698e-01
-1.821502745151519775e-01
-5.524519085884094238e-01
